100
3009
0108
1609
1808
2802
1206
1401
0507
1506
1206
2404
1304
2612
0302
1212
2301
0104
1509
2710
1903
1412
2207
1802
2602
3002
1812
1410
2802
0208
2309
2702
0903
2910
2006
0403
1606
2903
1206
1906
1312
2912
1106
2411
1001
2211
0801
0407
1110
2305
2002
2610
2202
2102
3011
2007
0206
0304
0806
2505
1908
1004
0110
2903
1803
1302
2201
0408
1807
2305
0403
2012
2612
2909
2406
1612
0501
1802
0408
0403
1804
0906
0402
2410
0501
1201
0304
0505
1602
2209
2605
2504
1711
2802
1804
1006
1810
2705
1201
2710
1912
