100
1210
1701
2301
1610
2302
2512
1605
0606
0701
0110
2305
2810
1010
2204
1509
1311
2111
2907
0610
2401
0207
0612
0701
2603
0404
0903
0902
1004
1510
2803
0702
2303
2109
1206
1705
0103
0802
1009
0709
1307
1802
2103
3009
2508
3010
0408
1704
2108
2809
0705
0412
1607
2504
1705
2310
0703
2303
2006
0211
1305
0911
0305
2712
0503
2107
0606
1202
1905
2502
1706
2002
2209
1104
1906
0508
1703
0212
1808
0312
0207
0810
0209
1201
1705
0611
2205
2902
0112
1211
2502
2306
0506
0101
1001
2508
0902
2603
0909
2611
0111
